<?xml version="1.0" encoding="utf-8"?>
<COLLADA xmlns="http://www.collada.org/2005/11/COLLADASchema" version="1.4.1">
  <asset>
    <contributor>
      <author>Mixamo</author>
      <authoring_tool>COLLADA Mixamo exporter</authoring_tool>
      <comments/>
    </contributor>
    <created>2024-01-06T00:11:46Z</created>
    <modified>2024-01-06T00:11:46Z</modified>
    <revision/>
    <title/>
    <unit meter="0.010000"/>
    <up_axis>Y_UP</up_axis>
  </asset>
  <library_animations>
    <animation id="mixamorig1_Hips-anim" name="mixamorig1_Hips">
      <source id="mixamorig1_Hips-Matrix-animation-input">
        <float_array id="mixamorig1_Hips-Matrix-animation-input-array" count="72">

0.000000 0.033333 0.066667 0.100000 0.133333 0.166667 0.200000 0.233333 0.266667 0.300000 0.333333 0.366667 0.400000 0.433333 0.466667 0.500000
0.533333 0.566667 0.600000 0.633333 0.666667 0.700000 0.733333 0.766667 0.800000 0.833333 0.866667 0.900000 0.933333 0.966667 1.000000 1.033333
1.066667 1.100000 1.133333 1.166667 1.200000 1.233333 1.266667 1.300000 1.333333 1.366667 1.400000 1.433333 1.466667 1.500000 1.533333 1.566667
1.600000 1.633333 1.666667 1.700000 1.733333 1.766667 1.800000 1.833333 1.866667 1.900000 1.933333 1.966667 2.000000 2.033333 2.066667 2.100000
2.133333 2.166667 2.200000 2.233333 2.266667 2.300000 2.333333 2.366667</float_array>
        <technique_common>
          <accessor source="#mixamorig1_Hips-Matrix-animation-input-array" count="72">
            <param name="TIME" type="float"/>
          </accessor>
        </technique_common>
      </source>
      <source id="mixamorig1_Hips-Matrix-animation-output-transform">
        <float_array id="mixamorig1_Hips-Matrix-animation-output-transform-array" count="1152">

0.959437 0.033006 0.279983 0.599934 -0.012565 0.997143 -0.074491 98.031288 -0.281642 0.067951 0.957110 0.413769 0.000000 0.000000 0.000000 1.000000
0.940963 0.073892 0.330345 0.940167 -0.044372 0.994388 -0.096037 98.046265 -0.335588 0.075709 0.938962 0.585355 0.000000 0.000000 0.000000 1.000000
0.930124 0.110711 0.350162 1.141519 -0.074158 0.990457 -0.116168 98.010620 -0.359681 0.082084 0.929458 0.736670 0.000000 0.000000 0.000000 1.000000
0.931453 0.139742 0.335957 1.205041 -0.100704 0.986251 -0.131027 97.713669 -0.349648 0.088214 0.932719 0.894042 0.000000 0.000000 0.000000 1.000000
0.944161 0.157142 0.289596 1.321445 -0.120835 0.982842 -0.139361 97.395500 -0.306526 0.096586 0.946949 1.078931 0.000000 0.000000 0.000000 1.000000
0.959130 0.176094 0.221497 1.788411 -0.147384 0.979094 -0.140191 97.265434 -0.241554 0.101816 0.965031 1.321344 0.000000 0.000000 0.000000 1.000000
0.975286 0.182088 0.125144 2.490043 -0.165794 0.977522 -0.130242 97.110222 -0.146046 0.106276 0.983553 1.596570 0.000000 0.000000 0.000000 1.000000
0.983607 0.177741 0.030411 3.312656 -0.173127 0.977994 -0.116423 96.831520 -0.050435 0.109249 0.992734 1.810931 0.000000 0.000000 0.000000 1.000000
0.986296 0.157090 -0.050436 4.452584 -0.161359 0.982190 -0.096262 96.496643 0.034416 0.103081 0.994077 1.895725 0.000000 0.000000 0.000000 1.000000
0.986946 0.113312 -0.114449 6.024204 -0.122446 0.989547 -0.076184 96.061043 0.104620 0.089203 0.990504 1.968508 0.000000 0.000000 0.000000 1.000000
0.987670 0.045675 -0.149737 7.831889 -0.055817 0.996372 -0.064240 95.278229 0.146260 0.071806 0.986637 1.994165 0.000000 0.000000 0.000000 1.000000
0.987593 -0.034035 -0.153300 9.724154 0.025419 0.998004 -0.057817 94.527710 0.154962 0.053203 0.986487 1.974709 0.000000 0.000000 0.000000 1.000000
0.984928 -0.109223 -0.134115 11.524066 0.103192 0.993346 -0.051142 93.961891 0.138808 0.036531 0.989645 2.006377 0.000000 0.000000 0.000000 1.000000
0.979959 -0.171777 -0.100864 12.951984 0.167970 0.984757 -0.045161 93.570534 0.107084 0.027314 0.993875 2.150671 0.000000 0.000000 0.000000 1.000000
0.974056 -0.221079 -0.048364 13.868009 0.219506 0.974955 -0.035779 93.307877 0.055063 0.024235 0.998189 2.308484 0.000000 0.000000 0.000000 1.000000
0.964959 -0.260865 0.028357 14.264662 0.261346 0.965132 -0.014782 93.135101 -0.023512 0.021675 0.999489 2.392242 0.000000 0.000000 0.000000 1.000000
0.950070 -0.289512 0.116406 14.144755 0.289729 0.956984 0.015432 92.944786 -0.115867 0.019065 0.993082 2.406149 0.000000 0.000000 0.000000 1.000000
0.930488 -0.302768 0.206211 13.609350 0.299895 0.952871 0.045824 92.733383 -0.210367 0.019203 0.977434 2.369450 0.000000 0.000000 0.000000 1.000000
0.904738 -0.299199 0.303199 12.788668 0.291623 0.953887 0.071106 92.483810 -0.310492 0.024088 0.950271 2.223496 0.000000 0.000000 0.000000 1.000000
0.872871 -0.275249 0.402907 11.771268 0.262830 0.960907 0.087048 92.239212 -0.411117 0.029914 0.911092 1.998751 0.000000 0.000000 0.000000 1.000000
0.841923 -0.231650 0.487344 10.597076 0.215690 0.972345 0.089568 92.030754 -0.494615 0.029706 0.868604 1.785863 0.000000 0.000000 0.000000 1.000000
0.821521 -0.173756 0.543058 9.263508 0.159974 0.984421 0.072969 91.941551 -0.547277 0.026929 0.836518 1.587986 0.000000 0.000000 0.000000 1.000000
0.816522 -0.098790 0.568799 7.763367 0.097522 0.994694 0.032767 92.093887 -0.569017 0.028716 0.821824 1.409426 0.000000 0.000000 0.000000 1.000000
0.820069 -0.008041 0.572208 6.118873 0.024602 0.999472 -0.021213 92.580101 -0.571736 0.031473 0.819834 1.311493 0.000000 0.000000 0.000000 1.000000
0.821290 0.079849 0.564895 4.459955 -0.049900 0.996416 -0.068297 93.385033 -0.568324 0.027903 0.822331 1.240375 0.000000 0.000000 0.000000 1.000000
0.819796 0.141761 0.554832 2.871306 -0.107621 0.989751 -0.093866 94.280212 -0.562452 0.017239 0.826650 1.067180 0.000000 0.000000 0.000000 1.000000
0.826898 0.174548 0.534577 1.456152 -0.141398 0.984604 -0.102771 95.061157 -0.544285 0.009393 0.838848 0.847484 0.000000 0.000000 0.000000 1.000000
0.853318 0.186930 0.486730 0.273773 -0.155379 0.982276 -0.104841 95.661766 -0.497701 0.013835 0.867238 0.704924 0.000000 0.000000 0.000000 1.000000
0.895437 0.186289 0.404338 -0.588484 -0.159290 0.982179 -0.099757 96.044113 -0.415716 0.024919 0.909153 0.617597 0.000000 0.000000 0.000000 1.000000
0.937592 0.181012 0.296912 -1.041476 -0.161961 0.982886 -0.087770 96.429459 -0.307718 0.034205 0.950863 0.593562 0.000000 0.000000 0.000000 1.000000
0.968635 0.174460 0.176945 -1.204439 -0.164479 0.983915 -0.069705 96.819626 -0.186260 0.038415 0.981749 0.668133 0.000000 0.000000 0.000000 1.000000
0.985747 0.159836 0.052498 -1.326152 -0.158027 0.986741 -0.036996 97.160378 -0.057715 0.028173 0.997935 0.844957 0.000000 0.000000 0.000000 1.000000
0.987786 0.140815 -0.066702 -1.505641 -0.141274 0.989968 -0.002203 97.391945 0.065722 0.011599 0.997771 0.993862 0.000000 0.000000 0.000000 1.000000
0.976978 0.122833 -0.174432 -1.694597 -0.122527 0.992386 0.012566 97.453819 0.174648 0.009096 0.984589 1.067134 0.000000 0.000000 0.000000 1.000000
0.957778 0.099727 -0.269659 -1.949062 -0.100016 0.994905 0.012704 97.397545 0.269552 0.014803 0.962872 1.118939 0.000000 0.000000 0.000000 1.000000
0.935108 0.065510 -0.348256 -2.258913 -0.068417 0.997649 0.003960 97.129791 0.347697 0.020124 0.937391 1.084687 0.000000 0.000000 0.000000 1.000000
0.915705 0.022524 -0.401219 -2.492627 -0.031419 0.999385 -0.015603 96.966370 0.400621 0.026894 0.915849 0.878935 0.000000 0.000000 0.000000 1.000000
0.905413 -0.017187 -0.424184 -2.473531 0.001822 0.999328 -0.036603 97.006470 0.424528 0.032368 0.904836 0.512921 0.000000 0.000000 0.000000 1.000000
0.909319 -0.049549 -0.413138 -2.276802 0.032712 0.998324 -0.047734 97.067009 0.414811 0.029891 0.909416 0.020603 0.000000 0.000000 0.000000 1.000000
0.927834 -0.078753 -0.364585 -2.173916 0.065473 0.996667 -0.048663 97.038193 0.367202 0.021281 0.929898 -0.571615 0.000000 0.000000 0.000000 1.000000
0.952646 -0.104657 -0.285505 -2.328744 0.095825 0.994391 -0.044771 96.920509 0.288590 0.015293 0.957331 -1.119504 0.000000 0.000000 0.000000 1.000000
0.974855 -0.119498 -0.188088 -2.703831 0.114382 0.992715 -0.037860 96.691216 0.191242 0.015394 0.981422 -1.467497 0.000000 0.000000 0.000000 1.000000
0.989055 -0.119857 -0.086045 -3.326356 0.117771 0.992619 -0.028935 96.285156 0.088878 0.018485 0.995871 -1.577432 0.000000 0.000000 0.000000 1.000000
0.993964 -0.109085 0.011700 -4.257973 0.109350 0.993689 -0.025000 95.809158 -0.008899 0.026128 0.999619 -1.462847 0.000000 0.000000 0.000000 1.000000
0.991161 -0.087196 0.099983 -5.446769 0.090639 0.995419 -0.030419 95.391006 -0.096873 0.039213 0.994524 -1.160035 0.000000 0.000000 0.000000 1.000000
0.984542 -0.050750 0.167635 -6.761149 0.058691 0.997360 -0.042761 95.071419 -0.165023 0.051939 0.984921 -0.773712 0.000000 0.000000 0.000000 1.000000
0.980151 0.001015 0.198251 -8.090838 0.011072 0.998146 -0.059849 94.792313 -0.197944 0.060856 0.978322 -0.454089 0.000000 0.000000 0.000000 1.000000
0.981245 0.061489 0.182693 -9.393332 -0.047636 0.995714 -0.079276 94.576859 -0.186784 0.069087 0.979969 -0.253813 0.000000 0.000000 0.000000 1.000000
0.984232 0.120897 0.129116 -10.593769 -0.109104 0.989497 -0.094828 94.504135 -0.139224 0.079245 0.987085 -0.121331 0.000000 0.000000 0.000000 1.000000
0.983056 0.173244 0.059896 -11.632046 -0.166755 0.980890 -0.100236 94.550743 -0.076117 0.088549 0.993159 0.001105 0.000000 0.000000 0.000000 1.000000
0.976431 0.215719 -0.006888 -12.499306 -0.215383 0.971862 -0.095365 94.541145 -0.013878 0.094601 0.995419 0.139265 0.000000 0.000000 0.000000 1.000000
0.966528 0.245689 -0.073899 -13.175041 -0.251475 0.964288 -0.083122 94.280090 0.050837 0.098924 0.993796 0.249523 0.000000 0.000000 0.000000 1.000000
0.953977 0.260108 -0.149236 -13.551712 -0.271857 0.960189 -0.064275 94.013046 0.126576 0.101888 0.986710 0.332316 0.000000 0.000000 0.000000 1.000000
0.935586 0.263103 -0.235490 -13.558236 -0.279831 0.959213 -0.040061 93.793816 0.215345 0.103378 0.971051 0.400943 0.000000 0.000000 0.000000 1.000000
0.906758 0.259157 -0.332608 -13.158995 -0.279378 0.960085 -0.013576 93.628967 0.315814 0.105233 0.942967 0.486806 0.000000 0.000000 0.000000 1.000000
0.867746 0.243770 -0.433120 -12.372739 -0.265931 0.963943 0.009742 93.519516 0.419878 0.106726 0.901283 0.625869 0.000000 0.000000 0.000000 1.000000
0.824869 0.213163 -0.523596 -11.285776 -0.234318 0.971799 0.026490 93.387932 0.514477 0.100837 0.851555 0.785233 0.000000 0.000000 0.000000 1.000000
0.783044 0.173789 -0.597193 -9.961353 -0.191792 0.980848 0.033957 93.246788 0.591657 0.087946 0.801379 0.893041 0.000000 0.000000 0.000000 1.000000
0.748716 0.130783 -0.649861 -8.400693 -0.147703 0.988613 0.028785 93.274994 0.646226 0.074434 0.759508 0.912325 0.000000 0.000000 0.000000 1.000000
0.732712 0.077690 -0.676089 -6.831363 -0.095516 0.995369 0.010862 93.365753 0.673802 0.056619 0.736740 0.832161 0.000000 0.000000 0.000000 1.000000
0.736424 0.018587 -0.676265 -5.240175 -0.038892 0.999132 -0.014891 93.624405 0.675401 0.037268 0.736508 0.633621 0.000000 0.000000 0.000000 1.000000
0.755342 -0.036410 -0.654319 -3.737537 0.012837 0.999086 -0.040776 94.095276 0.655205 0.022400 0.755119 0.383863 0.000000 0.000000 0.000000 1.000000
0.786581 -0.078051 -0.612534 -2.446612 0.052269 0.996835 -0.059898 94.677368 0.615271 0.015098 0.788171 0.132415 0.000000 0.000000 0.000000 1.000000
0.828443 -0.103190 -0.550486 -1.474194 0.078000 0.994559 -0.069049 95.297897 0.554616 0.014266 0.831984 -0.137082 0.000000 0.000000 0.000000 1.000000
0.877029 -0.114254 -0.466654 -0.909958 0.092846 0.993307 -0.068704 95.943855 0.471380 0.016929 0.881768 -0.380552 0.000000 0.000000 0.000000 1.000000
0.925445 -0.115713 -0.360781 -0.667557 0.100338 0.993074 -0.061130 96.668968 0.365355 0.020372 0.930645 -0.533226 0.000000 0.000000 0.000000 1.000000
0.964471 -0.111330 -0.239587 -0.597358 0.101460 0.993417 -0.053182 97.374069 0.243931 0.026984 0.969417 -0.587233 0.000000 0.000000 0.000000 1.000000
0.988278 -0.100339 -0.115063 -0.553841 0.095089 0.994200 -0.050254 97.924019 0.119438 0.038723 0.992086 -0.528563 0.000000 0.000000 0.000000 1.000000
0.996859 -0.079100 0.003842 -0.428418 0.079193 0.995676 -0.048550 98.264107 0.000015 0.048702 0.998813 -0.302429 0.000000 0.000000 0.000000 1.000000
0.992591 -0.047508 0.111835 -0.177152 0.053231 0.997391 -0.048758 98.349319 -0.109227 0.054350 0.992530 -0.048818 0.000000 0.000000 0.000000 1.000000
0.978698 -0.008745 0.205119 0.190987 0.020981 0.998122 -0.057555 98.201721 -0.204231 0.060633 0.977043 0.202393 0.000000 0.000000 0.000000 1.000000
0.959437 0.033006 0.279983 0.599934 -0.012565 0.997143 -0.074491 98.031288 -0.281642 0.067951 0.957110 0.413769 0.000000 0.000000 0.000000 1.000000</float_array>
        <technique_common>
          <accessor source="#mixamorig1_Hips-Matrix-animation-output-transform-array" count="72" stride="16">
            <param type="float4x4"/>
          </accessor>
        </technique_common>
      </source>
      <source id="mixamorig1_Hips-Interpolations">
        <Name_array id="mixamorig1_Hips-Interpolations-array" count="72">
 LINEAR LINEAR LINEAR LINEAR LINEAR LINEAR LINEAR LINEAR LINEAR LINEAR LINEAR
LINEAR LINEAR LINEAR LINEAR LINEAR LINEAR LINEAR LINEAR LINEAR LINEAR LINEAR LINEAR
LINEAR LINEAR LINEAR LINEAR LINEAR LINEAR LINEAR LINEAR LINEAR LINEAR LINEAR LINEAR
LINEAR LINEAR LINEAR LINEAR LINEAR LINEAR LINEAR LINEAR LINEAR LINEAR LINEAR LINEAR
LINEAR LINEAR LINEAR LINEAR LINEAR LINEAR LINEAR LINEAR LINEAR LINEAR LINEAR LINEAR
LINEAR LINEAR LINEAR LINEAR LINEAR LINEAR LINEAR LINEAR LINEAR LINEAR LINEAR LINEAR
LINEAR</Name_array>
        <technique_common>
          <accessor source="#mixamorig1_Hips-Interpolations-array" count="72">
            <param type="name"/>
          </accessor>
        </technique_common>
      </source>
      <sampler id="mixamorig1_Hips-Matrix-animation-transform">
        <input semantic="INPUT" source="#mixamorig1_Hips-Matrix-animation-input"/>
        <input semantic="OUTPUT" source="#mixamorig1_Hips-Matrix-animation-output-transform"/>
        <input semantic="INTERPOLATION" source="#mixamorig1_Hips-Interpolations"/>
      </sampler>
      <channel source="#mixamorig1_Hips-Matrix-animation-transform" target="mixamorig1_Hips/matrix"/>
    </animation>
    <animation id="mixamorig1_Spine-anim" name="mixamorig1_Spine">
      <source id="mixamorig1_Spine-Matrix-animation-input">
        <float_array id="mixamorig1_Spine-Matrix-animation-input-array" count="72">

0.000000 0.033333 0.066667 0.100000 0.133333 0.166667 0.200000 0.233333 0.266667 0.300000 0.333333 0.366667 0.400000 0.433333 0.466667 0.500000
0.533333 0.566667 0.600000 0.633333 0.666667 0.700000 0.733333 0.766667 0.800000 0.833333 0.866667 0.900000 0.933333 0.966667 1.000000 1.033333
1.066667 1.100000 1.133333 1.166667 1.200000 1.233333 1.266667 1.300000 1.333333 1.366667 1.400000 1.433333 1.466667 1.500000 1.533333 1.566667
1.600000 1.633333 1.666667 1.700000 1.733333 1.766667 1.800000 1.833333 1.866667 1.900000 1.933333 1.966667 2.000000 2.033333 2.066667 2.100000
2.133333 2.166667 2.200000 2.233333 2.266667 2.300000 2.333333 2.366667</float_array>
        <technique_common>
          <accessor source="#mixamorig1_Spine-Matrix-animation-input-array" count="72">
            <param name="TIME" type="float"/>
          </accessor>
        </technique_common>
      </source>
      <source id="mixamorig1_Spine-Matrix-animation-output-transform">
        <float_array id="mixamorig1_Spine-Matrix-animation-output-transform-array" count="1152">

0.985397 -0.000604 -0.170274 0.000000 0.042188 0.969680 0.240707 11.233000 0.164966 -0.244376 0.955545 -0.973700 0.000000 0.000000 0.000000 1.000000
0.982811 0.005413 -0.184537 -0.000000 0.044575 0.963040 0.265646 11.233000 0.179155 -0.269306 0.946244 -0.973700 0.000000 0.000000 0.000000 1.000000
0.983894 -0.011557 -0.178380 -0.000000 0.061813 0.958343 0.278850 11.233000 0.167726 -0.285385 0.943622 -0.973700 0.000000 0.000000 0.000000 1.000000
0.987860 -0.039210 -0.150318 0.000000 0.081439 0.954713 0.286167 11.233000 0.132290 -0.294934 0.946316 -0.973700 0.000000 0.000000 0.000000 1.000000
0.992344 -0.063460 -0.105958 0.000000 0.092286 0.951139 0.294649 11.233000 0.082082 -0.302171 0.949713 -0.973700 0.000000 0.000000 0.000000 1.000000
0.991672 -0.108676 -0.069117 0.000000 0.124616 0.945197 0.301783 11.233000 0.032532 -0.307882 0.950868 -0.973700 0.000000 0.000000 0.000000 1.000000
0.989844 -0.119709 -0.076667 0.000000 0.137542 0.942773 0.303746 11.233000 0.035919 -0.311206 0.949664 -0.973700 0.000000 0.000000 0.000000 1.000000
0.988489 -0.134811 -0.068674 -0.000000 0.149398 0.941400 0.302402 11.233000 0.023882 -0.309181 0.950703 -0.973700 0.000000 0.000000 0.000000 1.000000
0.982497 -0.185564 -0.016271 -0.000000 0.181945 0.937257 0.297398 11.233000 -0.039936 -0.295154 0.954615 -0.973700 0.000000 0.000000 0.000000 1.000000
0.969570 -0.237573 0.059106 0.000000 0.212827 0.937269 0.276100 11.233000 -0.120992 -0.255119 0.959310 -0.973700 0.000000 0.000000 0.000000 1.000000
0.956683 -0.253560 0.143057 0.000000 0.215230 0.946878 0.238950 11.233000 -0.196046 -0.197809 0.960436 -0.973700 0.000000 0.000000 0.000000 1.000000
0.946707 -0.242465 0.212032 0.000000 0.200701 0.958927 0.200444 11.233000 -0.251924 -0.147206 0.956486 -0.973700 0.000000 0.000000 0.000000 1.000000
0.940026 -0.227864 0.253829 -0.000000 0.185808 0.966113 0.179168 11.233000 -0.286054 -0.121259 0.950510 -0.973700 0.000000 0.000000 0.000000 1.000000
0.938908 -0.207694 0.274435 -0.000000 0.162984 0.970627 0.176971 11.233000 -0.303130 -0.121431 0.945181 -0.973700 0.000000 0.000000 0.000000 1.000000
0.945350 -0.175283 0.274934 0.000000 0.130176 0.975990 0.174635 11.233000 -0.298944 -0.129301 0.945470 -0.973700 0.000000 0.000000 0.000000 1.000000
0.959562 -0.127369 0.251034 -0.000000 0.089223 0.983414 0.157910 11.233000 -0.266983 -0.129127 0.955011 -0.973700 0.000000 0.000000 0.000000 1.000000
0.975463 -0.064666 0.210452 0.000000 0.037623 0.990793 0.130056 11.233000 -0.216925 -0.118947 0.968914 -0.973700 0.000000 0.000000 0.000000 1.000000
0.987114 0.002987 0.159992 0.000000 -0.019188 0.994821 0.099813 11.233000 -0.158865 -0.101597 0.982059 -0.973700 0.000000 0.000000 0.000000 1.000000
0.993595 0.061906 0.094537 0.000000 -0.068971 0.994916 0.073380 11.233000 -0.089513 -0.079431 0.992813 -0.973700 0.000000 0.000000 0.000000 1.000000
0.995035 0.097703 0.018941 -0.000000 -0.098649 0.993431 0.057994 11.233000 -0.013151 -0.059575 0.998137 -0.973700 0.000000 0.000000 0.000000 1.000000
0.992677 0.109993 -0.049940 0.000000 -0.107079 0.992575 0.057692 11.233000 0.055914 -0.051922 0.997085 -0.973700 0.000000 0.000000 0.000000 1.000000
0.989048 0.109638 -0.098812 0.000000 -0.102556 0.991962 0.074119 11.233000 0.106144 -0.063173 0.992342 -0.973700 0.000000 0.000000 0.000000 1.000000
0.986984 0.100277 -0.125729 0.000000 -0.086756 0.990275 0.108763 11.233000 0.135412 -0.096439 0.986085 -0.973700 0.000000 0.000000 0.000000 1.000000
0.985535 0.088639 -0.144440 0.000000 -0.065483 0.985290 0.157846 11.233000 0.156307 -0.146104 0.976843 -0.973700 0.000000 0.000000 0.000000 1.000000
0.981922 0.091052 -0.165947 0.000000 -0.055738 0.976918 0.206214 11.233000 0.180893 -0.193237 0.964333 -0.973700 0.000000 0.000000 0.000000 1.000000
0.977605 0.108907 -0.180077 0.000000 -0.066395 0.971593 0.227154 11.233000 0.199700 -0.210111 0.957065 -0.973700 0.000000 0.000000 0.000000 1.000000
0.977763 0.122908 -0.169921 0.000000 -0.083198 0.971105 0.223681 11.233000 0.192503 -0.204570 0.959736 -0.973700 0.000000 0.000000 0.000000 1.000000
0.983792 0.124729 -0.128828 0.000000 -0.093163 0.969400 0.227120 11.233000 0.153215 -0.211437 0.965308 -0.973700 0.000000 0.000000 0.000000 1.000000
0.991785 0.108839 -0.067208 -0.000000 -0.089639 0.966165 0.241848 11.233000 0.091257 -0.233837 0.967984 -0.973700 0.000000 0.000000 0.000000 1.000000
0.997749 0.067054 -0.000535 -0.000000 -0.064697 0.964719 0.255210 11.233000 0.017629 -0.254601 0.966886 -0.973700 0.000000 0.000000 0.000000 1.000000
0.997633 -0.002609 0.068715 0.000000 -0.015511 0.964985 0.261848 11.233000 -0.066992 -0.262294 0.962660 -0.973700 0.000000 0.000000 0.000000 1.000000
0.986962 -0.071977 0.143965 0.000000 0.035131 0.969207 0.243728 11.233000 -0.157075 -0.235493 0.959099 -0.973700 0.000000 0.000000 0.000000 1.000000
0.968615 -0.121310 0.216952 0.000000 0.075591 0.975241 0.207824 11.233000 -0.236792 -0.184902 0.953803 -0.973700 0.000000 0.000000 0.000000 1.000000
0.945154 -0.163656 0.282666 0.000000 0.113299 0.975955 0.186214 11.233000 -0.306344 -0.143975 0.940970 -0.973700 0.000000 0.000000 0.000000 1.000000
0.917429 -0.196920 0.345754 0.000000 0.143135 0.974109 0.174997 11.233000 -0.371262 -0.111058 0.921862 -0.973700 0.000000 0.000000 0.000000 1.000000
0.893663 -0.208915 0.397140 -0.000000 0.153232 0.973890 0.167504 11.233000 -0.421765 -0.088837 0.902343 -0.973700 0.000000 0.000000 0.000000 1.000000
0.882712 -0.208386 0.421183 0.000000 0.147792 0.973926 0.172121 11.233000 -0.446068 -0.089686 0.890494 -0.973700 0.000000 0.000000 0.000000 1.000000
0.883525 -0.213393 0.416950 0.000000 0.150382 0.972297 0.178953 11.233000 -0.443587 -0.095407 0.891139 -0.973700 0.000000 0.000000 0.000000 1.000000
0.894905 -0.217000 0.389944 0.000000 0.161536 0.972074 0.170231 11.233000 -0.415994 -0.089350 0.904967 -0.973700 0.000000 0.000000 0.000000 1.000000
0.916522 -0.204150 0.343963 0.000000 0.160443 0.975367 0.151385 11.233000 -0.366395 -0.083561 0.926700 -0.973700 0.000000 0.000000 0.000000 1.000000
0.942931 -0.170529 0.286010 0.000000 0.135371 0.981048 0.138637 11.233000 -0.304231 -0.092007 0.948144 -0.973700 0.000000 0.000000 0.000000 1.000000
0.967750 -0.125254 0.218564 0.000000 0.098307 0.986612 0.130127 11.233000 -0.231937 -0.104445 0.967107 -0.973700 0.000000 0.000000 0.000000 1.000000
0.987000 -0.075130 0.142082 0.000000 0.057952 0.990911 0.121396 11.233000 -0.149911 -0.111584 0.982383 -0.973700 0.000000 0.000000 0.000000 1.000000
0.998043 -0.017034 0.060168 -0.000000 0.009374 0.992066 0.125370 11.233000 -0.061826 -0.124561 0.990284 -0.973700 0.000000 0.000000 0.000000 1.000000
0.998683 0.045232 -0.024212 -0.000000 -0.041091 0.987769 0.150409 11.233000 0.030719 -0.149216 0.988327 -0.973700 0.000000 0.000000 0.000000 1.000000
0.989849 0.097191 -0.103699 0.000000 -0.077072 0.980104 0.182910 11.233000 0.119413 -0.173061 0.977645 -0.973700 0.000000 0.000000 0.000000 1.000000
0.978316 0.124779 -0.165311 0.000000 -0.088824 0.973794 0.209371 11.233000 0.187104 -0.190147 0.963761 -0.973700 0.000000 0.000000 0.000000 1.000000
0.970372 0.129929 -0.203709 0.000000 -0.080798 0.969065 0.233204 11.233000 0.227707 -0.209835 0.950852 -0.973700 0.000000 0.000000 0.000000 1.000000
0.966781 0.122505 -0.224339 0.000000 -0.062290 0.964124 0.258041 11.233000 0.247902 -0.235495 0.939727 -0.973700 0.000000 0.000000 0.000000 1.000000
0.966695 0.104235 -0.233745 0.000000 -0.035956 0.959560 0.279197 11.233000 0.253394 -0.261494 0.931350 -0.973700 0.000000 0.000000 0.000000 1.000000
0.968534 0.078683 -0.236116 0.000000 -0.005603 0.955363 0.295382 11.233000 0.248818 -0.284765 0.925742 -0.973700 0.000000 0.000000 0.000000 1.000000
0.972405 0.051909 -0.227450 -0.000000 0.020360 0.952332 0.304384 11.233000 0.232408 -0.300615 0.924996 -0.973700 0.000000 0.000000 0.000000 1.000000
0.979055 0.023158 -0.202275 0.000000 0.040769 0.951088 0.306217 11.233000 0.199473 -0.308050 0.930223 -0.973700 0.000000 0.000000 0.000000 1.000000
0.986994 -0.019078 -0.159624 0.000000 0.067303 0.950764 0.302519 11.233000 0.145993 -0.309328 0.939682 -0.973700 0.000000 0.000000 0.000000 1.000000
0.991739 -0.081525 -0.099030 0.000000 0.107536 0.949290 0.295438 11.233000 0.069922 -0.303647 0.950215 -0.973700 0.000000 0.000000 0.000000 1.000000
0.988254 -0.151536 -0.019787 0.000000 0.150830 0.946323 0.285873 11.233000 -0.024596 -0.285499 0.958063 -0.973700 0.000000 0.000000 0.000000 1.000000
0.975262 -0.208769 0.072655 0.000000 0.182240 0.945386 0.270249 11.233000 -0.125106 -0.250324 0.960045 -0.973700 0.000000 0.000000 0.000000 1.000000
0.955955 -0.243916 0.163262 0.000000 0.199423 0.947889 0.248470 11.233000 -0.215360 -0.204968 0.954782 -0.973700 0.000000 0.000000 0.000000 1.000000
0.935769 -0.259429 0.238817 0.000000 0.206508 0.952179 0.225189 11.233000 -0.285816 -0.161407 0.944593 -0.973700 0.000000 0.000000 0.000000 1.000000
0.920789 -0.253638 0.296337 0.000000 0.198955 0.958859 0.202498 11.233000 -0.335507 -0.127500 0.933370 -0.973700 0.000000 0.000000 0.000000 1.000000
0.911541 -0.244709 0.330471 0.000000 0.192338 0.964050 0.183338 11.233000 -0.363456 -0.103558 0.925838 -0.973700 0.000000 0.000000 0.000000 1.000000
0.908143 -0.246899 0.338108 0.000000 0.198096 0.964882 0.172515 11.233000 -0.368828 -0.089690 0.925160 -0.973700 0.000000 0.000000 0.000000 1.000000
0.909656 -0.259682 0.324178 0.000000 0.215714 0.962319 0.165560 11.233000 -0.354955 -0.080673 0.931396 -0.973700 0.000000 0.000000 0.000000 1.000000
0.916558 -0.271570 0.293548 0.000000 0.232483 0.959113 0.161410 11.233000 -0.325380 -0.079696 0.942219 -0.973700 0.000000 0.000000 0.000000 1.000000
0.930957 -0.265241 0.250931 -0.000000 0.229895 0.959716 0.161535 11.233000 -0.283668 -0.092694 0.954432 -0.973700 0.000000 0.000000 0.000000 1.000000
0.952422 -0.231932 0.197738 0.000000 0.201912 0.966133 0.160681 11.233000 -0.228309 -0.113110 0.966996 -0.973700 0.000000 0.000000 0.000000 1.000000
0.974577 -0.178880 0.134915 0.000000 0.156818 0.974665 0.159486 11.233000 -0.160025 -0.134274 0.977938 -0.973700 0.000000 0.000000 0.000000 1.000000
0.990324 -0.121611 0.066859 -0.000000 0.109262 0.980282 0.164649 11.233000 -0.085564 -0.155750 0.984084 -0.973700 0.000000 0.000000 0.000000 1.000000
0.997443 -0.071347 -0.004195 -0.000000 0.070988 0.982198 0.173917 11.233000 -0.008288 -0.173770 0.984751 -0.973700 0.000000 0.000000 0.000000 1.000000
0.996666 -0.033975 -0.074182 -0.000000 0.047404 0.981111 0.187545 11.233000 0.066409 -0.190436 0.979451 -0.973700 0.000000 0.000000 0.000000 1.000000
0.991057 -0.013056 -0.132799 0.000000 0.041223 0.976478 0.211641 11.233000 0.126913 -0.215223 0.968283 -0.973700 0.000000 0.000000 0.000000 1.000000
0.985397 -0.000604 -0.170274 0.000000 0.042188 0.969680 0.240707 11.233000 0.164966 -0.244376 0.955545 -0.973700 0.000000 0.000000 0.000000 1.000000</float_array>
        <technique_common>
          <accessor source="#mixamorig1_Spine-Matrix-animation-output-transform-array" count="72" stride="16">
            <param type="float4x4"/>
          </accessor>
        </technique_common>
      </source>
      <source id="mixamorig1_Spine-Interpolations">
        <Name_array id="mixamorig1_Spine-Interpolations-array" count="72">
 LINEAR LINEAR LINEAR LINEAR LINEAR LINEAR LINEAR LINEAR LINEAR LINEAR LINEAR
LINEAR LINEAR LINEAR LINEAR LINEAR LINEAR LINEAR LINEAR LINEAR LINEAR LINEAR LINEAR
LINEAR LINEAR LINEAR LINEAR LINEAR LINEAR LINEAR LINEAR LINEAR LINEAR LINEAR LINEAR
LINEAR LINEAR LINEAR LINEAR LINEAR LINEAR LINEAR LINEAR LINEAR LINEAR LINEAR LINEAR
LINEAR LINEAR LINEAR LINEAR LINEAR LINEAR LINEAR LINEAR LINEAR LINEAR LINEAR LINEAR
LINEAR LINEAR LINEAR LINEAR LINEAR LINEAR LINEAR LINEAR LINEAR LINEAR LINEAR LINEAR
LINEAR</Name_array>
        <technique_common>
          <accessor source="#mixamorig1_Spine-Interpolations-array" count="72">
            <param type="name"/>
          </accessor>
        </technique_common>
      </source>
      <sampler id="mixamorig1_Spine-Matrix-animation-transform">
        <input semantic="INPUT" source="#mixamorig1_Spine-Matrix-animation-input"/>
        <input semantic="OUTPUT" source="#mixamorig1_Spine-Matrix-animation-output-transform"/>
        <input semantic="INTERPOLATION" source="#mixamorig1_Spine-Interpolations"/>
      </sampler>
      <channel source="#mixamorig1_Spine-Matrix-animation-transform" target="mixamorig1_Spine/matrix"/>
    </animation>
    <animation id="mixamorig1_Spine1-anim" name="mixamorig1_Spine1">
      <source id="mixamorig1_Spine1-Matrix-animation-input">
        <float_array id="mixamorig1_Spine1-Matrix-animation-input-array" count="72">

0.000000 0.033333 0.066667 0.100000 0.133333 0.166667 0.200000 0.233333 0.266667 0.300000 0.333333 0.366667 0.400000 0.433333 0.466667 0.500000
0.533333 0.566667 0.600000 0.633333 0.666667 0.700000 0.733333 0.766667 0.800000 0.833333 0.866667 0.900000 0.933333 0.966667 1.000000 1.033333
1.066667 1.100000 1.133333 1.166667 1.200000 1.233333 1.266667 1.300000 1.333333 1.366667 1.400000 1.433333 1.466667 1.500000 1.533333 1.566667
1.600000 1.633333 1.666667 1.700000 1.733333 1.766667 1.800000 1.833333 1.866667 1.900000 1.933333 1.966667 2.000000 2.033333 2.066667 2.100000
2.133333 2.166667 2.200000 2.233333 2.266667 2.300000 2.333333 2.366667</float_array>
        <technique_common>
          <accessor source="#mixamorig1_Spine1-Matrix-animation-input-array" count="72">
            <param name="TIME" type="float"/>
          </accessor>
        </technique_common>
      </source>
      <source id="mixamorig1_Spine1-Matrix-animation-output-transform">
        <float_array id="mixamorig1_Spine1-Matrix-animation-output-transform-array" count="1152">

0.999600 0.007680 -0.027221 -0.000000 -0.009857 0.996684 -0.080766 13.154300 0.026510 0.081002 0.996361 0.000000 0.000000 0.000000 0.000000 1.000000
0.999155 -0.028548 -0.029584 0.000000 0.025730 0.995461 -0.091623 13.154300 0.032065 0.090785 0.995354 0.000000 0.000000 0.000000 0.000000 1.000000
0.998651 -0.044077 -0.027459 0.000000 0.041393 0.994931 -0.091647 13.154300 0.031360 0.090387 0.995413 0.000000 0.000000 0.000000 0.000000 1.000000
0.998805 -0.043715 -0.021876 0.000000 0.041742 0.995615 -0.083711 13.154300 0.025440 0.082698 0.996250 0.000000 0.000000 0.000000 0.000000 1.000000
0.999021 -0.042068 -0.013690 0.000000 0.040928 0.996348 -0.074940 13.154300 0.016793 0.074306 0.997094 0.000000 0.000000 0.000000 0.000000 1.000000
0.999267 -0.037878 -0.005558 -0.000000 0.037405 0.996916 -0.068995 13.154300 0.008154 0.068736 0.997602 0.000000 0.000000 0.000000 0.000000 1.000000
0.998198 -0.059671 -0.006270 0.000000 0.058966 0.994946 -0.081269 13.154300 0.011088 0.080753 0.996672 0.000000 0.000000 0.000000 0.000000 1.000000
0.997530 -0.070101 -0.004486 0.000000 0.069403 0.993420 -0.091101 13.154300 0.010842 0.090565 0.995832 0.000000 0.000000 0.000000 0.000000 1.000000
0.999226 -0.038881 0.006029 -0.000000 0.039258 0.995445 -0.086877 13.154300 -0.002623 0.087046 0.996201 0.000000 0.000000 0.000000 0.000000 1.000000
0.999722 0.012820 0.019808 0.000000 -0.011367 0.997354 -0.071810 13.154300 -0.020676 0.071565 0.997222 0.000000 0.000000 0.000000 0.000000 1.000000
0.997476 0.062231 0.034186 0.000000 -0.060413 0.996825 -0.051871 13.154300 -0.037306 0.049675 0.998069 0.000000 0.000000 0.000000 0.000000 1.000000
0.993204 0.106655 0.046596 0.000000 -0.104734 0.993617 -0.041900 13.154300 -0.050767 0.036735 0.998035 -0.000000 0.000000 0.000000 0.000000 1.000000
0.987855 0.145508 0.054500 0.000000 -0.142901 0.988521 -0.049037 13.154300 -0.061009 0.040653 0.997309 0.000000 0.000000 0.000000 0.000000 1.000000
0.983365 0.172326 0.057413 0.000000 -0.168751 0.983693 -0.062227 13.154300 -0.067200 0.051503 0.996409 0.000000 0.000000 0.000000 0.000000 1.000000
0.980343 0.189076 0.056375 0.000000 -0.185197 0.980376 -0.067572 13.154300 -0.068044 0.055803 0.996120 0.000000 0.000000 0.000000 0.000000 1.000000
0.978129 0.201426 0.051879 0.000000 -0.198002 0.978085 -0.064378 13.154300 -0.063710 0.052698 0.996576 0.000000 0.000000 0.000000 0.000000 1.000000
0.977990 0.203704 0.045171 0.000000 -0.201048 0.977913 -0.057141 13.154300 -0.055813 0.046802 0.997344 0.000000 0.000000 0.000000 0.000000 1.000000
0.980602 0.192484 0.037015 -0.000000 -0.190676 0.980507 -0.047417 13.154300 -0.045420 0.039440 0.998189 0.000000 0.000000 0.000000 0.000000 1.000000
0.984314 0.174422 0.026507 0.000000 -0.173421 0.984180 -0.036272 13.154300 -0.032414 0.031106 0.998990 -0.000000 0.000000 0.000000 0.000000 1.000000
0.988030 0.153650 0.013738 0.000000 -0.153216 0.987783 -0.028454 13.154300 -0.017942 0.026009 0.999501 0.000000 0.000000 0.000000 0.000000 1.000000
0.991822 0.127631 0.000343 0.000000 -0.127568 0.991411 -0.028821 13.154300 -0.004018 0.028541 0.999585 -0.000000 0.000000 0.000000 0.000000 1.000000
0.995076 0.098502 -0.010971 -0.000000 -0.098831 0.994481 -0.035211 13.154300 0.007442 0.036122 0.999320 0.000000 0.000000 0.000000 0.000000 1.000000
0.997510 0.068013 -0.018654 -0.000000 -0.068745 0.996754 -0.041900 13.154300 0.015744 0.043078 0.998948 0.000000 0.000000 0.000000 0.000000 1.000000
0.999296 0.028117 -0.024827 -0.000000 -0.029362 0.998252 -0.051287 13.154300 0.023342 0.051980 0.998375 0.000000 0.000000 0.000000 0.000000 1.000000
0.999167 -0.026697 -0.030878 0.000000 0.024510 0.997305 -0.069150 13.154300 0.032641 0.068336 0.997128 -0.000000 0.000000 0.000000 0.000000 1.000000
0.996031 -0.082047 -0.034496 0.000000 0.078883 0.993271 -0.084799 13.154300 0.041221 0.081742 0.995801 -0.000000 0.000000 0.000000 0.000000 1.000000
0.992756 -0.115304 -0.033765 -0.000000 0.112015 0.989896 -0.086936 13.154300 0.043448 0.082524 0.995642 0.000000 0.000000 0.000000 0.000000 1.000000
0.991994 -0.123304 -0.027275 0.000000 0.120568 0.988981 -0.085910 13.154300 0.037567 0.081934 0.995929 0.000000 0.000000 0.000000 0.000000 1.000000
0.992945 -0.117453 -0.016261 0.000000 0.115533 0.989200 -0.090192 13.154300 0.026678 0.087677 0.995792 -0.000000 0.000000 0.000000 0.000000 1.000000
0.994785 -0.101939 -0.003352 -0.000000 0.101154 0.990266 -0.095605 13.154300 0.013066 0.094767 0.995414 0.000000 0.000000 0.000000 0.000000 1.000000
0.997365 -0.071699 0.011061 0.000000 0.072446 0.992381 -0.099654 13.154300 -0.003832 0.100193 0.994961 0.000000 0.000000 0.000000 0.000000 1.000000
0.999085 -0.033941 0.026032 -0.000000 0.036349 0.994480 -0.098427 13.154300 -0.022548 0.099283 0.994804 -0.000000 0.000000 0.000000 0.000000 1.000000
0.999200 0.001556 0.039966 0.000000 0.002079 0.995870 -0.090768 13.154300 -0.039942 0.090778 0.995070 0.000000 0.000000 0.000000 0.000000 1.000000
0.997848 0.038310 0.053222 0.000000 -0.033896 0.996097 -0.081494 13.154300 -0.056136 0.079515 0.995252 -0.000000 0.000000 0.000000 0.000000 1.000000
0.994758 0.077819 0.066343 0.000000 -0.072993 0.994708 -0.072311 13.154300 -0.071619 0.067089 0.995173 0.000000 0.000000 0.000000 0.000000 1.000000
0.990667 0.112574 0.076848 -0.000000 -0.107428 0.991877 -0.068110 13.154300 -0.083892 0.059219 0.994714 0.000000 0.000000 0.000000 0.000000 1.000000
0.986690 0.140794 0.081359 0.000000 -0.134892 0.988092 -0.074011 13.154300 -0.090810 0.062051 0.993933 0.000000 0.000000 0.000000 0.000000 1.000000
0.982533 0.167749 0.080553 -0.000000 -0.161177 0.983499 -0.082166 13.154300 -0.093007 0.067748 0.993358 0.000000 0.000000 0.000000 0.000000 1.000000
0.978348 0.192342 0.076413 0.000000 -0.185953 0.979008 -0.083461 13.154300 -0.090862 0.067445 0.993577 -0.000000 0.000000 0.000000 0.000000 1.000000
0.975255 0.210045 0.068983 0.000000 -0.204280 0.975461 -0.082133 13.154300 -0.084542 0.066008 0.994231 0.000000 0.000000 0.000000 0.000000 1.000000
0.974935 0.214644 0.058568 0.000000 -0.209605 0.974360 -0.081777 13.154300 -0.074619 0.067451 0.994928 0.000000 0.000000 0.000000 0.000000 1.000000
0.977512 0.205659 0.046641 0.000000 -0.201880 0.976541 -0.074920 13.154300 -0.060954 0.063819 0.996098 0.000000 0.000000 0.000000 0.000000 1.000000
0.982197 0.184839 0.033527 0.000000 -0.182576 0.981281 -0.061262 13.154300 -0.044223 0.054050 0.997558 0.000000 0.000000 0.000000 0.000000 1.000000
0.988135 0.152542 0.017897 0.000000 -0.151453 0.987123 -0.051474 13.154300 -0.025518 0.048153 0.998514 0.000000 0.000000 0.000000 0.000000 1.000000
0.993549 0.113400 -0.000137 0.000000 -0.113256 0.992222 -0.051659 13.154300 -0.005723 0.051342 0.998665 0.000000 0.000000 0.000000 0.000000 1.000000
0.997383 0.070123 -0.017622 0.000000 -0.071028 0.995822 -0.057398 13.154300 0.013524 0.058500 0.998196 -0.000000 0.000000 0.000000 0.000000 1.000000
0.999226 0.024319 -0.030904 0.000000 -0.026270 0.997579 -0.064389 13.154300 0.029263 0.065151 0.997446 0.000000 0.000000 0.000000 0.000000 1.000000
0.999068 -0.019097 -0.038712 0.000000 0.016241 0.997214 -0.072798 13.154300 0.039995 0.072101 0.996595 0.000000 0.000000 0.000000 0.000000 1.000000
0.997517 -0.056519 -0.042020 -0.000000 0.052906 0.995177 -0.082608 13.154300 0.046486 0.080179 0.995696 -0.000000 0.000000 0.000000 0.000000 1.000000
0.995555 -0.084288 -0.042021 -0.000000 0.080077 0.992399 -0.093450 13.154300 0.049578 0.089670 0.994737 0.000000 0.000000 0.000000 0.000000 1.000000
0.994017 -0.101676 -0.039895 0.000000 0.097003 0.989686 -0.105410 13.154300 0.050201 0.100909 0.993628 0.000000 0.000000 0.000000 0.000000 1.000000
0.992908 -0.113290 -0.036042 0.000000 0.108559 0.987579 -0.113588 13.154300 0.048463 0.108869 0.992874 -0.000000 0.000000 0.000000 0.000000 1.000000
0.992474 -0.118684 -0.030170 0.000000 0.114501 0.986741 -0.115026 13.154300 0.043421 0.110706 0.992904 -0.000000 0.000000 0.000000 0.000000 1.000000
0.993352 -0.113064 -0.021639 0.000000 0.109967 0.987594 -0.112092 13.154300 0.034045 0.108967 0.993462 0.000000 0.000000 0.000000 0.000000 1.000000
0.995389 -0.095416 -0.009858 0.000000 0.093836 0.989894 -0.106322 13.154300 0.019904 0.104906 0.994283 0.000000 0.000000 0.000000 0.000000 1.000000
0.997656 -0.068276 0.004671 0.000000 0.068410 0.993097 -0.095281 13.154300 0.001867 0.095377 0.995439 0.000000 0.000000 0.000000 0.000000 1.000000
0.999167 -0.035290 0.020504 0.000000 0.036801 0.996219 -0.078696 13.154300 -0.017649 0.079385 0.996688 0.000000 0.000000 0.000000 0.000000 1.000000
0.999350 -0.004641 0.035755 0.000000 0.006852 0.998054 -0.061980 13.154300 -0.035397 0.062185 0.997437 0.000000 0.000000 0.000000 0.000000 1.000000
0.998623 0.019709 0.048615 -0.000000 -0.017331 0.998655 -0.048865 13.154300 -0.049513 0.047955 0.997622 -0.000000 0.000000 0.000000 0.000000 1.000000
0.997226 0.045842 0.058639 -0.000000 -0.043558 0.998264 -0.039654 13.154300 -0.060355 0.036989 0.997491 0.000000 0.000000 0.000000 0.000000 1.000000
0.994427 0.082467 0.065679 0.000000 -0.080189 0.996107 -0.036606 13.154300 -0.068442 0.031135 0.997169 0.000000 0.000000 0.000000 0.000000 1.000000
0.989312 0.128462 0.068991 0.000000 -0.125961 0.991250 -0.039467 13.154300 -0.073457 0.030354 0.996836 0.000000 0.000000 0.000000 0.000000 1.000000
0.982001 0.175893 0.068818 0.000000 -0.173307 0.983974 -0.041952 13.154300 -0.075094 0.029271 0.996747 0.000000 0.000000 0.000000 0.000000 1.000000
0.974943 0.212644 0.065331 -0.000000 -0.210079 0.976695 -0.043973 13.154300 -0.073159 0.029146 0.996894 0.000000 0.000000 0.000000 0.000000 1.000000
0.971912 0.227965 0.058471 0.000000 -0.225478 0.973153 -0.046176 13.154300 -0.067428 0.031695 0.997221 -0.000000 0.000000 0.000000 0.000000 1.000000
0.974225 0.220290 0.048553 0.000000 -0.218138 0.974835 -0.045959 13.154300 -0.057456 0.034183 0.997763 0.000000 0.000000 0.000000 0.000000 1.000000
0.979828 0.196557 0.036090 0.000000 -0.194955 0.979844 -0.043578 13.154300 -0.043929 0.035663 0.998398 0.000000 0.000000 0.000000 0.000000 1.000000
0.986185 0.164188 0.021943 0.000000 -0.163148 0.985670 -0.042865 13.154300 -0.028667 0.038693 0.998840 0.000000 0.000000 0.000000 0.000000 1.000000
0.992165 0.124748 0.006858 -0.000000 -0.124307 0.991181 -0.045905 13.154300 -0.012524 0.044693 0.998922 0.000000 0.000000 0.000000 0.000000 1.000000
0.996621 0.081749 -0.007923 0.000000 -0.082055 0.995210 -0.053146 13.154300 0.003541 0.053616 0.998555 0.000000 0.000000 0.000000 0.000000 1.000000
0.998824 0.044229 -0.019877 0.000000 -0.045447 0.996801 -0.065737 13.154300 0.016906 0.066563 0.997639 0.000000 0.000000 0.000000 0.000000 1.000000
0.999600 0.007680 -0.027221 -0.000000 -0.009857 0.996684 -0.080766 13.154300 0.026510 0.081002 0.996361 0.000000 0.000000 0.000000 0.000000 1.000000</float_array>
        <technique_common>
          <accessor source="#mixamorig1_Spine1-Matrix-animation-output-transform-array" count="72" stride="16">
            <param type="float4x4"/>
          </accessor>
        </technique_common>
      </source>
      <source id="mixamorig1_Spine1-Interpolations">
        <Name_array id="mixamorig1_Spine1-Interpolations-array" count="72">
